1 43 107 123
11 12930 11045 9603
21 83075 65140 57465
31 295809 202587 177558
41 696847 458218 400479
51 1297213 840869 748171
61 2205762 1414916 1261822
71 3470497 2221484 1975964
81 5241089 3297440 2904408
91 7299083 4549513 4076863
101 10104587 6673782 5661600
111 13343070 8288833 7339778
121 17319632 10801932 9468480
131 21918119 13616907 12126177
141 27494900 17025927 15125869
151 34308452 21545310 18963989
161 40980989 25661922 22669589
171 49269713 30899268 27253481
181 58062994 36193702 31817951
191 68966395 47333822 38314981
201 79927862 50808707 44078956
211 92311192 59378789 51169237
221 105933677 68848254 58895449
231 121631120 78133625 67508669
241 138373763 89544560 76639428
251 159192946 104460038 88930594
261 186755292 124070821 104185841
271 211662066 149578065 120463727
281 221962681 148940772 124406251
291 247091386 164454670 138887547
301 271975649 182521095 151800662
311 298065528 196532949 165998454
321 328031069 221945577 183595674
331 361640298 244310987 202762363
341 404269152 289223839 234469726
351 440376846 317065333 246074792
361 470088944 325863424 264186594
371 508510543 351356034 286704367
381 553553462 385255732 312465114
391 598035500 417474986 337308009
401 649791976 461598135 367653699
411 703298644 503324429 397806183
421 762399973 552549917 431524220
431 829414828 608326931 465164023
441 880496204 640549941 498810856
451 946805348 689553369 533436004
461 1024685707 749062115 582731093
471 1089324935 803675899 614149584
481 1153353571 846699251 649187133
491 1231398993 909340625 694688576
